$ANSIBLE_VAULT;1.1;AES256
61353031396631353338623866363765623832306631636561666562646364643531383230626135
3263396266333933613330326164313463626238386238300a333732623738616361633234383163
61636535336136396639323761373663346637356531616237626361363864363330643238663735
3135336166336461630a663430383363306635626333386135636633616535396235353635366233
64373265346538396238363763663361323932613530623464353662356134366434626663323164
64313534653761313034666438306138313665323238653136383831623339646363323338663864
38356134626139396237616337653964393163666537353161373735373338343534393863336530
30643561643537633832633363393734616536306564396461373934303566613139316662326636
33393634336136343437333139613731303764373037393266303435613631643365643837336131
30643731646434303365313936343134656163323662316162636263666633616637323564623838
61326139663638616638316463613934636366656666363266313161316264363062633461636532
34366464373731356164633861623734623831646431363063393534613739613538333566396132
66623036623238346234616664346336626161303161656530373365663737653537393236323132
30623166316265343239356632346236343035316439383661353238303065333534333937343636
62623263313464633531366431656135663632363630393064333830633461306630326431393434
32343935616431666133343336613961633036336337396237653336616261343734646465633238
31393534613163633537343230386162323438666365356564373236646636353961303534613936
66396434636565373133313161333938666561386433323163633431623165383934383065353062
32373462373431643332653634393363383739666133653937366631666164306263373631373737
36343832353862313331396237333766646333366464336266326331666565303037646164643532
35393639656330653639326537613536323663313866323131376362343064343033623032376164
63656362633431333934316332363932356463343334346566333533383362396335646561383432
33623865653961613363343833366261396235316663346636623533633064653339366137313863
31636661626261393132313734343062323564383238396435366230663061656136363264663139
35303462313430343264306237323065323434663632396332353036616136346233656134663832
62396266363334633766373437636663353636363838623831303065343035393237666634353362
32646665383065343835643837303835383631663336613066346438616538313736343634616336
32633464346165646437623465333939373434343235393365666330326563353833326238666334
31303539663436616235376130383738636665666139323066646264306161366231303363303634
32363563323532393365376130303635633835346237666636303530303165316531633230333535
62663333343665643534366362366331373461633666623766623962393865333464336164383161
61363837636130326633346338616334653636623731613033623566333930653234633333333837
39623436663533333766306262616531303861643736373530373665373961653135343930653766
66623835333034323162336464653135353066313838376432623532643565646639626132313039
66666231383732366431386235636335396333306137373638643433616633643930633762626335
36646464616135383731336436396634343263623064656239383939303665616631353332353536
33613034626433376635386330636139663636303939636561343465353239383561393335323066
33313835356439633030653262326337346235336161306137393834303334393336333934373661
643437313838356232336563656232636663
